% AD=89m, AC=67m, BD=53m, AB=35m ?i CD=20m
% x1 = AB; x2 = BC; x3 = CD;
% x1, x2, x3 = ?;

A = [ 1 1 1; 1 1 0; 0 1 1; 1 0 0; 0 0 1];
b = [89; 67; 53; 35; 20];

x  = A \ b;